"baseMean" "log2FoldChange" "lfcSE" "stat" "pvalue" "padj"
"1043" 10.8848232486425 1.03411962645784 0.301315487062356 3.43201617859037 0.000599111816779367 0.0049093227431855
"1045" 109.88700130648 -0.527565542350109 0.174935499423067 -3.01577177925582 0.00256326109102191 0.0155626566240616
"1051" 1.32817330814284 0.0634583204227732 0.690907128615995 0.0918478298955911 0.926818941876575 0.96072695194523
"1054" 0.377180609456583 0.0571393729764259 1.01757323020236 0.0561525905757788 0.955220248771983 0.976860270166002
"1064" 224.41519928431 -0.00467502039098102 0.454024512052609 -0.0102968458021036 0.991784450885435 0.992677032253555
"1074" 3.05075498318411 -0.145929444127946 0.709129974713181 -0.205786596719409 0.836957611395623 0.916337210645168
"1094" 2.20771874623602 2.28914168493908 0.922045430109903 2.48267776205585 0.0130398987946797 0.0558182718189526
"1100" 0.522872301836488 -1.3320681110883 0.79133492937824 -1.68331772254123 0.0923136013799868 0.231550131139417
"1104" 1.06726066792234 -1.05706149079549 0.562903731955829 -1.87787259310342 0.0603985964692636 0.176162573035352
"1111" 2.5360991600718 2.41944995548424 0.831289403779454 2.91047852226219 0.00360875768681427 0.0206192763517598
"1112" 24.9549384230073 0.0742742042102365 0.264169885409192 0.281160754168431 0.77858710458592 0.880721154427039
"1114" 4.48244327317114 0.658074781842039 0.362514602708501 1.81530558196906 0.0694769616611401 0.191180285664607
"1115" 0.517666936270214 1.19458984069361 1.03676525110354 1.15222789288325 0.249227438624665 0.442026819971339
"1118" 0.750293443302464 0.617515054472961 0.930537432427381 0.66361119171974 0.506939192386709 0.686168620676191
"1168" 9.67717294777225 -3.31321945143862 0.529471264350096 -6.25760012775284 3.90946655194652e-10 3.32304656915455e-08
"1179" 10.3831765256146 0.937634394135924 0.431595713434543 2.17248310154528 0.029819242887685 0.10395414535414
"1225" 1.60343741475421 0.784056648648057 0.661117519161663 1.18595654467346 0.235639461047099 0.426156472106456
"1278" 0.556728032036488 0.724151307653681 1.20974325567361 0.598599169086055 0.549440210292031 0.726482055830575
"1281" 0.421953992043098 -0.22196322143243 0.947717622506543 -0.234208182016683 0.814823363324316 0.904514741003672
"1284" 0.823607081862822 -1.28688990072645 0.666265541501365 -1.93149700917531 0.0534216188258137 0.162970028624094
"1285" 1.02449556599245 -0.079848497022147 0.699610594525897 -0.114132772783777 0.909132543036372 0.95571353905767
"1286" 2.59322359427498 0.80041722719989 0.526551949711088 1.52011065126445 0.128483168074554 0.292527511499865
"1302" 0.7288115385327 -1.9003195728591 1.09439121093264 -1.73641706354682 0.0824901172832953 0.219114374033753
"1313" 1.72441909175307 -1.3569830983194 0.666414963325488 -2.03624344139557 0.0417259160541058 0.137165304155762
"1316" 0.675766742709627 -0.882573756228347 1.11961569545367 -0.788282765070322 0.430531326581297 0.623275278140807
"1329" 0.599335960207304 1.18055668261303 1.16674829888647 1.01183492938429 0.311616985961591 0.513606943620904
"1371" 3.97338199457873 -0.664067387637077 0.439140109439073 -1.51219934905356 0.130483156590756 0.293381304512079
"1379" 10.1008717145668 1.10903164677045 0.390128085376079 2.84273726589399 0.00447279251994756 0.0239757797240432
"1405" 4.9589549449923 0.649956609935322 0.438497935410584 1.48223413943042 0.138278005646698 0.302288520922113
"1412" 1.03162083533836 -0.28337995288698 0.738715745676279 -0.383611632140792 0.701266317262797 0.82952973910808
"1440" 0.524508091316382 -0.692375357937459 0.931513222346232 -0.743280225473935 0.457312041104558 0.644788304400976
"1444" 0.456455016147536 -0.739043278158182 1.09845654092786 -0.67280156348645 0.501073542950194 0.682418523945584
"1450" 10.2874439795511 -1.50383301082586 0.797105694834527 -1.8866168195399 0.0592118828430587 0.176162573035352
"1455" 14.9974843118462 -0.119362309810066 0.213332159300667 -0.559513906395324 0.575811043170022 0.745040008939273
"1463" 1.26097784341028 -0.812730372780616 0.609130269411844 -1.3342472268951 0.182122846558577 0.358941138190715
"1464" 0.568011096976103 1.78492174773489 1.27005974917614 1.40538407653084 0.15990709918523 0.331358988696478
"1475" 2.1787184979152 -0.188473830291102 0.453421779750805 -0.415669998019692 0.677651498012073 0.817159286715707
"1477" 1.33335436449912 1.12504203594746 0.836177754827629 1.34545798360706 0.178477381126839 0.357085128619286
"1481" 12.9100937551181 -0.985009575049194 0.234545220785016 -4.19965741255523 2.67319134101719e-05 0.000429878067001412
"1494" 2.57909099471219 3.63886613611219 0.956156190135743 3.80572355610184 0.00014139023741527 0.00153322305154606
"1495" 23.1723531801858 1.598868890306 0.5768125729885 2.77190367405164 0.00557295252181433 0.0282435783576442
"1505" 0.397643965520674 1.29120721334537 1.09967126768905 1.1741756389242 0.240324681599769 0.432291756568385
"1520" 4.57924045920394 0.513222960990932 0.621778802778046 0.825410835329063 0.409138385406644 0.598126140827895
"1527" 1.40056286110087 0.0229536151885087 0.693611375432342 0.0330929047612596 0.973600500832902 0.990243168246695
"1537" 0.522390351532683 -3.65959627425592 1.54947806510862 -2.36182515691139 0.0181852166121961 0.0726188180151457
"1543" 0.939212900404103 1.49007882663333 1.23630033756584 1.20527252266804 0.228098113421302 0.418260435005848
"1566" 0.923834182340316 0.455034891453934 0.690214879552463 0.659265548938875 0.509725261073742 0.686168620676191
"1638" 15.7902100373511 -0.285397398507462 0.202405233566161 -1.41002973825859 0.158530902066859 0.330968023613266
"1643" 6.04586017571846 -0.449705067492491 0.287032838716508 -1.56673734442159 0.117176097981289 0.276665786900265
"1654" 0.903215240776303 0.987939724296365 1.03856576212325 0.951253892942334 0.341475506388985 0.544712939145968
"1679" 0.796142768141424 -1.33797710571835 0.778006838440168 -1.71974980117253 0.0854779310006484 0.223067407655201
"1719" 3.51336483138352 -0.229193848537261 0.52486331379021 -0.436673401465569 0.662348221761694 0.806697596618904
"1720" 0.938926741817086 0.227563021486566 0.743377727419311 0.306120311509153 0.759513043464084 0.869058193963711
"1740" 3.14697668385527 -0.926587018793144 0.696843678241101 -1.32969136081127 0.183619982437435 0.360049909173526
"1742" 22.7868308521797 -0.260733865427629 0.282634947562695 -0.922511061268502 0.356262063337099 0.550586825157335
"1744" 0.523078515351174 -0.851869411343311 0.904803453730729 -0.941496639773911 0.346450410439418 0.546785130534359
"1745" 130.507875881966 -0.992577132740316 0.184233828627724 -5.38759434211177 7.14069954108796e-08 2.65544764184209e-06
"1747" 1.04138737700888 2.5606328050885 1.5226128667527 1.68173595600147 0.092620052455767 0.231550131139417
"1767" 0.382982998567313 0.875129363589719 1.03657417494361 0.844251559361225 0.398528848552095 0.586942239823011
"1797" 4.79215653650888 2.05682925333902 0.615845355832566 3.33984698245939 0.000838245625081005 0.00639430957593844
"1824" 9.21805020021291 -1.76129621627991 0.318056153381322 -5.53768948519058 3.0648802559129e-08 1.51966979355681e-06
"1842" 0.385910077491283 -1.02676632854116 0.993054067065228 -1.03394806244091 0.301160444368353 0.504761871546957
"1850" 1.65431945038004 -0.318418306865287 0.575421550312185 -0.553365279233173 0.580013309074433 0.746986837444345
"1870" 1.58079358688289 0.724515901930188 0.940076466272243 0.770698903678726 0.440885421923267 0.628162614748026
"1874" 90.3722561330299 1.91523923558125 0.443229886216513 4.3210967832744 1.55255552304411e-05 0.000279930465518559
"1878" 51.1077538175973 -1.33674570499972 0.146029716081872 -9.15392935675006 5.48994744103617e-20 3.26651872741652e-17
"1879" 13.8410486521263 1.085183885745 0.41106372707041 2.63994075439092 0.00829205216387807 0.0397551529851064
"1882" 0.850962841474063 0.633512064321359 0.837468862481906 0.756460440145673 0.449373182297785 0.636853229627096
"1885" 28.100449149062 0.49278330677292 0.277894966051009 1.77327180040558 0.0761836794713518 0.205109906269024
"1892" 3.4451658454159 -0.466589799619419 0.355551465521173 -1.31229890709488 0.189419300778273 0.367115582941604
"1896" 1.845938592388 0.849167189721036 0.674050407047445 1.25979775524602 0.207742329781873 0.392402178476872
"1906" 1.18658615442297 -1.11849596190885 0.573977965827688 -1.94867404064188 0.0513343638056589 0.159562408986461
"1945" 209.658720451594 0.436998456450049 0.284232597670377 1.5374677641895 0.124178803173791 0.287495672717531
"1960" 0.906702322719008 -0.966753958408393 0.724253723862716 -1.33482773585524 0.181932733536194 0.358941138190715
"1968" 1.03030035765369 -1.03567884967908 0.923311114856787 -1.1217008362774 0.261989660868317 0.455091892203799
"1982" 7.04772617681385 0.133343681169903 0.428816103653878 0.310957727645258 0.755832757989274 0.866513470141846
"2015" 0.657691427219998 -0.603359883610848 1.07809378790443 -0.559654355103598 0.57571522198452 0.745040008939273
"2022" 3.43200453486851 0.474010284796134 0.481647471071384 0.984143618031957 0.325044903224575 0.529867718955129
"2029" 1.23488791829421 -0.351677056544245 0.6497329341723 -0.541264014871354 0.588325619933012 0.752803750236865
"2030" 6.56236528966127 0.0279060960538838 0.358348966468458 0.0778740799196366 0.9379282180092 0.968866822422698
"2039" 0.436945603857272 0.993920593796965 1.06073465612694 0.937011521265896 0.348752631540521 0.54751402576942
"2049" 0.945780471651626 -1.17930221605025 0.653235601658552 -1.80532446954212 0.0710239227265498 0.192964538914599
"2061" 0.515325506775861 -0.0110174173940144 1.13257952377634 -0.00972772080257927 0.992238524169551 0.992677032253555
"2078" 2.12200320810521 0.178222031298272 0.817917713113271 0.217897263307697 0.827509159483269 0.91179249980101
"2080" 3.09118776384796 1.67425728095987 0.786711944709105 2.12817066299781 0.0333229362502047 0.113343648345891
"2086" 1.32356367580277 -1.02954438535353 0.716778860189877 -1.43634870185876 0.150903142301611 0.322976149890139
"2095" 38.6919192662852 1.28923617865274 0.281355119533945 4.58223820767261 4.60025435035135e-06 0.000101375975498483
"2108" 79.0400583107917 0.400335857441064 0.772940549545727 0.517938744029342 0.604501008842919 0.766818474999863
"2118" 2.13039618313093 -1.10215129945102 0.726600622480523 -1.51685983379483 0.129302076511705 0.292527511499865
"2123" 4.53878455360586 -0.888833761342072 0.357618788593354 -2.48542243778125 0.0129397781370468 0.0557910724024846
"2124" 47.357087608115 2.973932953796 0.551412228839186 5.39330250266053 6.91743503135444e-08 2.65544764184209e-06
"2129" 0.784556811866908 0.882981666533829 0.945292650818224 0.934082863935883 0.350261150573721 0.547705635502152
"2152" 52.6433217212783 -0.460015131392406 0.184335225309743 -2.49553567756479 0.0125767107110478 0.055430687948692
"2170" 5.01198769369424 2.84749013861089 0.806713037004755 3.52974354943281 0.000415962653238663 0.0036396732158383
"2171" 5.81664837192816 -0.182468215026493 0.399747000040146 -0.456459247994777 0.648059769058285 0.800136547944541
"2213" 1.04260524515995 -0.953630245211568 0.649603832245981 -1.46801819489646 0.142099280638382 0.307451170835773
"2255" 1.95862321586469 0.945217447112418 1.00316231649733 0.942237792995224 0.346070908731053 0.546785130534359
"2287" 1.51315681388224 2.79826355976705 0.810251382384704 3.45357455797397 0.000553209358134913 0.00463605025479258
"2288" 0.951303269522957 1.48911026157083 0.792195245010681 1.87972633129192 0.0601453850417128 0.176162573035352
"2297" 1.06006233267245 2.32829021806397 1.20514264281131 1.93196235479032 0.0533641524919979 0.162970028624094
"2303" 1.35148361467443 0.118082386916965 0.629890418562938 0.187464967615104 0.851296088530449 0.918290347161102
"2310" 0.613606431595578 1.69748853283709 0.839469892416492 2.02209578708144 0.0431664571764837 0.140349956393485
"2313" 0.790084113152632 -0.926219417357351 0.810329706382496 -1.1430155035192 0.253032154189267 0.446386864331192
"2331" 3.65890517494078 2.28144047664989 1.01076884925035 2.25713374362689 0.0239997189509943 0.0898102690304505
"2337" 0.580091476781352 -0.0190265034583863 0.872596124950095 -0.0218044785145871 0.982603921699344 0.992613469288811
"2338" 0.434436235509665 0.531048632694869 0.922258282162945 0.575813351818773 0.564741347764367 0.740134585726428
"2348" 0.488852091905415 1.15333578135126 1.04322596713214 1.10554742470782 0.268922456738788 0.462453357686645
"2360" 1.08906026813818 -1.07146496932025 0.654874147610677 -1.63613875006292 0.101810551834089 0.248267534185587
"2365" 0.658225924148966 0.0174232055600235 0.968375355444799 0.0179922025710997 0.985645073852428 0.992677032253555
"2371" 13.4839196289553 -1.1884966003951 0.372457310989058 -3.19096058884992 0.00141800621687776 0.010289191451735
"2372" 8.2564550375917 0.61328341615526 0.456896677254188 1.34228031563046 0.179505123399307 0.357209192048788
"2373" 12.3870324715546 -0.0213410971746833 0.404627049805367 -0.0527426359284401 0.957936967723379 0.97765436671597
"2382" 1.21713505117378 0.148248145639818 0.643345433414012 0.230433197999271 0.81775516688396 0.906078816193587
"2384" 38.583235006883 0.793420287269568 0.222113535641565 3.57213838849491 0.000354078209256447 0.00326018535106432
"2386" 2.41590350532437 0.662769405521553 0.610092112614457 1.08634317969028 0.277327190027571 0.471415844512362
"2409" 1.7994561597463 -0.0641957759199945 0.621859572636482 -0.103231949373756 0.917778883429332 0.958580279966741
"2415" 8.0463005073278 -0.567366337620137 0.383184645119249 -1.48066042010522 0.138697086070146 0.302288520922113
"2445" 2.05633925375315 -0.68429773393202 0.483259195722667 -1.41600561352737 0.156773860916607 0.328452279033032
"2449" 35.8390359044548 0.492407287296957 0.31357421080827 1.57030543432678 0.116344070526733 0.27579570503349
"2452" 0.88296728686128 -1.36334589877011 0.913093435384824 -1.49310667006989 0.135409266849504 0.3003778399274
"2453" 268.251252877052 0.179610681903259 0.183188461674191 0.98046940435967 0.326854465048432 0.530721953852724
"2457" 0.420861681587254 -1.2470503830408 1.01449345802026 -1.22923452406916 0.218983888222567 0.407173167163835
"2466" 1.33348182429964 0.74646433508422 0.618423901095217 1.20704315237856 0.227415525819429 0.418260435005848
"2471" 1.20355752268664 1.46286844698596 1.07818323685394 1.35679019760548 0.174847883017971 0.351467872958421
"2474" 1.17201053522165 1.07055528195975 1.19360158826005 0.896911743825952 0.369766012992474 0.557432364938596
"2477" 4.09675688949201 0.716535346558867 0.539289397908015 1.32866573928287 0.183958272922272 0.360049909173526
"2518" 51.7524510779086 1.26861616872681 0.35177754380987 3.60630230965645 0.000310591276769796 0.00298067434964562
"2534" 6.1362449450681 0.0569145802718015 0.36395455580012 0.156378260320661 0.875734872103404 0.933803313443594
"2550" 14.0775523756949 -1.08544231413055 0.245436392986552 -4.42249945463477 9.75655956871968e-06 0.000187262998173813
"2554" 0.491763780205746 0.841714978675515 0.925649881986305 0.909323271201981 0.363179510253238 0.556937651032672
"2574" 60.2312652815716 -1.09471169019935 0.223821154344977 -4.89101083140723 1.00319443253064e-06 3.31611492975406e-05
"2577" 3.92101033244566 -0.164262607859371 0.343652609879261 -0.477990281863662 0.63265712190505 0.784231224028135
"2579" 1.21546116517089 0.293282587158485 0.668773155182844 0.438538217160198 0.66099617260834 0.806697596618904
"2581" 160.052725536866 0.860345194220134 0.326197030853524 2.63750161051118 0.00835192289603076 0.0397551529851064
"2585" 0.406056122986783 -0.119448206460546 0.989937462326749 -0.120662376166465 0.903958460665297 0.953644120737326
"2587" 0.423245501307782 0.663121621469749 1.1236672100748 0.590140582126274 0.555096403447163 0.732333392574417
"2599" 0.714561597207858 -0.253662343072826 0.7772285107163 -0.326367779327921 0.744146112420759 0.863093444230705
"2603" 0.469781811319298 -0.494448544861148 1.01271901696329 -0.488238629451026 0.625380825584797 0.778470182299624
"2637" 2006.52368522271 1.18088309582558 0.193824129007779 6.09254947704773 1.11126481791447e-09 8.26503208323886e-08
"2648" 0.458339793884018 -0.377123925931745 0.9741125376129 -0.38714615752293 0.698648008011073 0.82952973910808
"2650" 0.375693073526882 0.501389711063574 1.02697148497542 0.488221648214093 0.625392852334824 0.778470182299624
"2653" 1.29771607433868 -1.18883246183573 0.713401032540789 -1.6664294101197 0.0956279170840462 0.237045718823136
"2674" 8.80452486314985 -1.12300260876923 0.740159208966733 -1.51724466191125 0.129204924034157 0.292527511499865
"2675" 2.04562514680069 1.3731983504721 0.594073494349427 2.31149573837812 0.0208054882839638 0.0809102322154147
"2677" 4.03553381256044 -1.04020269038889 0.427158442313743 -2.43516828265066 0.0148848654059512 0.061933530884902
"2692" 2.79035129188549 0.309205905657991 0.705931605366828 0.438011137774906 0.661378209609264 0.806697596618904
"2698" 0.680622850745538 -1.77682064709913 1.06748308325074 -1.66449536763458 0.0960134760275224 0.237045718823136
"2699" 0.845021989667232 1.57494348924341 0.940902137273487 1.67386535416661 0.0941570645672862 0.234407754885085
"2706" 0.400934874661494 -2.0266440214038 1.34375780694515 -1.50819143965466 0.131505537567938 0.29415712350723
"2721" 1.45616149811576 -1.18703661454376 0.59263513914007 -2.00298047845455 0.045179383873423 0.14530666705236
"2724" 14.1902016530145 2.5626892668999 0.5439285357696 4.71144479168384 2.45966734472269e-06 6.65228213686363e-05
"2737" 0.511257241074487 -0.763415456938045 0.747380459907054 -1.02145493211448 0.30703895095751 0.511731584929184
"2744" 1.18671147762663 0.654196062719175 0.702785931215504 0.930861068302419 0.351925435340082 0.548156110019238
"2766" 0.54164249720702 -0.789634061317734 0.846155608140552 -0.933201947397092 0.350715709456 0.547705635502152
"2800" 0.71044125525439 1.41506287795678 1.13967090343759 1.24164166487757 0.214368801962904 0.402364155103873
"2829" 0.563772974455874 -0.221742841573163 1.04261455875259 -0.212679594497954 0.831576883875727 0.912893442631103
"2836" 1.89234940667575 -1.87455702347114 0.658012845039167 -2.84881524365921 0.00438823553859473 0.0237363649587624
"2841" 0.811611952925547 -0.851632670113811 0.708210336823898 -1.20251375309363 0.229164540860347 0.418260435005848
"2852" 2.24423484051317 1.04661305254421 0.814202978238016 1.28544488354629 0.198636865317903 0.380028729466727
"2869" 1.19287315798456 -1.03663690941063 0.924857795033349 -1.12086086637054 0.262347090799837 0.455091892203799
"2885" 0.589250791840639 -0.795424739594406 1.05190371896669 -0.756176373609339 0.449543456207362 0.636853229627096
"2891" 0.813470736039572 -0.974018995363146 0.839531853205267 -1.16019301905511 0.24597022858631 0.439496354380944
"2909" 415.672613810866 0.219622993151689 0.245496512514526 0.894607385262525 0.370997002547368 0.557432364938596
"2910" 2.73814498308475 1.06337711401417 0.722121008808947 1.47257468075618 0.140865756129159 0.305894616411859
"2914" 1.15828084010215 -0.541617308891089 0.85639155278041 -0.632441208852006 0.527098613563975 0.70477230352936
"2921" 0.561558913925991 -0.446573440175076 1.1621732912893 -0.384257187393848 0.7007878362062 0.82952973910808
"2953" 3.33241914673639 -0.159976860707691 0.494273444895275 -0.323660642423521 0.746194970983027 0.863786007266344
"2955" 4.14797940698784 0.0403105177520312 0.437293885570776 0.0921817548384333 0.926553633846807 0.96072695194523
"2976" 0.466886391289432 -0.738016558248808 1.03175249018531 -0.715303878855919 0.474421292279301 0.662630678183531
"2981" 6.29339655197974 0.48357583511738 0.355857363254652 1.35890355252066 0.174177152993984 0.35130646112346
"2982" 11.927669870125 0.374932615801815 0.271468290715956 1.38112858342677 0.167239428389187 0.339615904066779
"2984" 24.6205288226273 -0.735786324223407 0.237959640844272 -3.09206351805233 0.00198770312218389 0.0135233368020044
"2986" 0.799547452989025 -0.350424611200816 0.849088951824712 -0.412706596226162 0.67982159146937 0.817159286715707
"2998" 6.98447155470615 -1.02863975727076 0.257056899681825 -4.00160337475464 6.29146971097017e-05 0.00087056383209936
"3016" 2.79950126913781 0.411423517701651 0.457994791712273 0.898314839265946 0.369017723500631 0.557432364938596
"3050" 0.537578098252866 0.599344708264517 1.14482786290652 0.523523865625426 0.600609747497727 0.765942336283587
"3052" 29.9239442789829 0.957880074675401 0.240631506613522 3.9806926705315 6.87147429726094e-05 0.00092921072883415
"3089" 0.478016158572631 0.0680715974204553 1.10802149127718 0.0614352681390608 0.951012565481353 0.976243569129685
"3090" 5.89438007953739 -0.66164862194464 0.297953399765707 -2.22064464599136 0.0263750393612071 0.0956899293897451
"3092" 3.91254645772944 0.182647520654223 0.670527859598412 0.272393634417537 0.785319366721095 0.886094735840562
"3095" 2.23324233517002 1.3428340058258 0.782225570781133 1.71668385180102 0.086036952217252 0.223545792878886
"3104" 14.8365056964744 0.876415400073994 0.301699297189623 2.90493020115706 0.00367335007275049 0.0206192763517598
"3113" 0.743958700495526 -0.19404820368656 0.966493595513672 -0.200775467718881 0.840874146239095 0.916337210645168
"3123" 1.40346864054041 1.26187682847832 0.889822068723292 1.4181226481479 0.156154960065008 0.328452279033032
"3145" 0.803042961860785 0.129719655939761 0.694948161371664 0.186660909619108 0.851926506946098 0.918290347161102
"3156" 4.14661127243363 -0.806661262378259 0.92371765066121 -0.873276873946101 0.382512182511263 0.571522610181235
"3167" 1.76147461972588 -2.43595241156621 0.545750854751198 -4.4634880373696 8.06361023252083e-06 0.000159928269611663
"3171" 0.686082571753629 0.104054528040165 1.00955852939623 0.103069336754943 0.917907941107144 0.958580279966741
"3175" 3.26725044037045 -1.03973276504389 0.523625726621194 -1.98564110238239 0.0470731891291857 0.149778329047409
"3176" 0.454865521136264 -1.05464590293382 1.10687677370735 -0.95281238886368 0.340685136089349 0.544712939145968
"3182" 1.66330576271251 -0.319433055263207 0.527915038731285 -0.605084212093837 0.545123043857509 0.723991542623254
"3196" 1.82253442063986 1.7232469842864 0.942076617381437 1.82920046256564 0.0673695831854203 0.188192028147066
"3199" 18.8244071506285 0.301935890621057 0.237437114792427 1.27164571926767 0.203499024764292 0.387356797720922
"3213" 17.8556222260603 -0.63733238585711 0.222024177528876 -2.87055397727674 0.00409753232959209 0.0225743679269194
"3215" 8.66361330699373 1.05704825234827 0.691564031508368 1.52848934326839 0.126391087429524 0.289241142386794
"3245" 1.73399817827219 2.06447504024224 0.883261355206444 2.33733201172343 0.0194219272779218 0.076530110797109
"3317" 269.658803995221 1.10384428683929 0.491313884940249 2.24671909480745 0.0246579851333176 0.0911273363622606
"3320" 1.08613853237653 -2.39398117522066 0.775971097901739 -3.08514219369006 0.00203454859177794 0.0136017574394143
"3335" 0.869039914763136 -0.0621719627415704 0.717309441619324 -0.0866738385615243 0.93093077194455 0.963310972707838
"3340" 0.988950467692275 -0.388842468534661 0.648858716871956 -0.599271395180152 0.54899191971452 0.726482055830575
"3341" 15.950032626811 -0.823401199189101 0.335975181833103 -2.45077983051179 0.0142547114627188 0.0597292487346314
"3344" 3.38041794505513 -0.55880581052175 0.349604848241941 -1.59839262336269 0.109955625285815 0.261694388180239
"3365" 0.535492270595546 0.605088441580533 0.981613553886854 0.616422256176669 0.537615868057113 0.717222962990991
"3366" 0.471140355966803 1.08432696269533 1.40500043192656 0.771762725516375 0.440254972236285 0.628162614748026
"3372" 0.6285396395915 0.0432495165899162 0.775359490585477 0.0557799538343927 0.95551710459935 0.976860270166002
"3379" 0.764647174260443 -0.226486399526838 0.927984402015563 -0.244062722428216 0.807182242825073 0.901075862065513
"3380" 2.35379183951862 1.32362427856357 0.887378821558847 1.49161130106574 0.135801073849531 0.3003778399274
"3382" 0.657993807093245 0.086631725137697 0.844606022597025 0.102570574705729 0.918303797615198 0.958580279966741
"3387" 16.6317269956232 1.35835272943737 0.349277692940908 3.88903373129866 0.000100644130466471 0.00117418152210883
"3393" 0.62503735541693 1.12348703845051 0.933573789186461 1.2034260724367 0.22881148353341 0.418260435005848
"3397" 2.10339249031104 3.60483324878784 0.770843999778962 4.67647571988823 2.91847136662584e-06 7.2353769297599e-05
"3406" 4.31637371872313 -0.37048733509984 0.326958196035854 -1.13313365314511 0.257158130836095 0.45116803440043
"3409" 35.3266810030019 -0.921622287607922 0.232509256065401 -3.96380902508538 7.37632697844602e-05 0.000954111859168561
"3431" 0.57475176725012 1.46287791574887 1.11166020212919 1.31593981051672 0.188194245402203 0.367115582941604
"3503" 15.192344164571 -0.403460455107879 0.392911413755644 -1.02684839631255 0.304491856508441 0.508911951186861
"3506" 0.510050829809384 -1.45365609505682 1.08132618518659 -1.34432710034298 0.178842635846298 0.357085128619286
"3508" 12.5976007133468 1.57856560140607 0.409701694203267 3.85296332365881 0.00011669687579503 0.0013307082141193
"3509" 1.31410829409492 -0.562237418096288 0.692655252667283 -0.811713209321981 0.41695621295861 0.608061143897973
"3522" 1.60217935987871 -1.28091683797 0.570950052119116 -2.24348317898527 0.0248656733750873 0.0913276275196106
"3527" 2.42642060545704 -1.93590161855736 0.428258939587477 -4.52039978528441 6.17229586033714e-06 0.000126638484031055
"3530" 0.542094882867296 0.667612496068893 0.89413000404239 0.746661551508836 0.455267883912383 0.64343085731085
"3533" 1.40752014216321 -0.317412508432396 0.622166747412749 -0.51017273062622 0.609930454854531 0.768874196267894
"3537" 2.32639802242055 1.23058178872361 0.660874394553391 1.86205094170007 0.0625959100766365 0.18019494661549
"3542" 27.3131391404346 -1.83096577390735 0.721969151707725 -2.53607203240809 0.0112103672462558 0.0509173168818488
"3543" 0.375159290746556 0.378639892371056 1.93574906052107 0.195603810480028 0.844920277565075 0.918290347161102
"3547" 178.882352437533 0.628300274696656 0.207436422541586 3.02888117235389 0.00245461208982577 0.0152134811817327
"3548" 4.10152056003038 1.3452254935186 0.421331508134133 3.19279585682052 0.00140902520618775 0.010289191451735
"3550" 0.573599424857541 -2.61194408371392 1.05470045607269 -2.47647952428107 0.0132685235566202 0.0563912251156358
"3551" 0.36726059981073 -1.73398942184401 1.05065093485126 -1.65039535427577 0.0988621006877487 0.2420697527128
"3552" 15.1692395149916 0.00748536224912176 0.28621882188285 0.0261525856331892 0.97913563411605 0.99079201071267
"3553" 0.864762183450244 -0.373672238808173 0.68952748389981 -0.541925082804195 0.587870116654528 0.752803750236865
"3568" 0.536026920459093 1.68197357399392 0.973035937645938 1.72858319916026 0.0838837186907715 0.219871421237925
"3593" 0.690151037865233 1.68166376755695 0.994907237314167 1.69027192132679 0.090975944349385 0.229367317321543
"3594" 1.08282345034454 1.24676585133166 0.801973650863656 1.55462196293981 0.120036129883765 0.280953671419863
"3600" 12.0051091629157 -1.26032289776376 0.367776206917465 -3.42687447980179 0.000610571231925592 0.0049093227431855
"3601" 0.631157170492538 0.805159320738418 0.870290937680998 0.925161099440916 0.354882114950608 0.550586825157335
"3602" 1.75481662894615 -0.87788801539064 0.61782118551544 -1.4209419100095 0.155333647773696 0.328452279033032
"3604" 2.1671623743121 0.096104016330831 0.598017747725396 0.160704287951937 0.872326312037167 0.931838699572916
"3605" 74.1792228502256 -1.28327036620766 0.415268432289413 -3.09021891968257 0.00200009014886787 0.0135233368020044
"3627" 0.493700935985032 1.53771049229587 1.01735265098329 1.51148226803129 0.130665623017985 0.293381304512079
"3642" 0.399134144866707 0.0552351299484623 1.30820903215675 0.0422219451102552 0.96632176848925 0.984523034676547
"3656" 0.902376255056413 0.116157329328064 0.769777360716729 0.150897305189531 0.880056726293441 0.935060271686781
"3658" 1.12126588892936 2.72217376716272 1.28059108064525 2.12571663843785 0.0335268606871878 0.113343648345891
"3659" 10.7401447694513 1.32757855478088 0.355001384469082 3.73964331650797 0.000184281557722306 0.0018512899482372
"3687" 13.6992867288622 1.0916802883866 0.438480177574658 2.48969131153194 0.0127854087577892 0.055527870152442
"3688" 4.75556218702463 1.35783531709867 0.638650312911288 2.12610138858146 0.0334948183441462 0.113343648345891
"3689" 0.770854238265965 0.234591167772411 1.05220660812268 0.222951619920885 0.823573160446508 0.909139203090301
"3690" 79.5202147045258 2.39094183265767 0.553153999412425 4.32238008799972 1.54354978135182e-05 0.000279930465518559
"3692" 66.8213761933373 -0.53424753835319 0.592379258238071 -0.90186739478728 0.367127313479905 0.557432364938596
"3694" 0.887487431630051 2.10668798630381 1.60527737927071 1.31235138145465 0.189401603078582 0.367115582941604
"3699" 4.25597639278394 3.56501593006685 1.13859240930056 3.13107298182047 0.00174168871706289 0.0121918210194402
"3701" 1.12167878233507 0.671136492229748 0.662645006338877 1.01281453238105 0.311148757963725 0.513606943620904
"3704" 0.679584306948184 0.161860125798302 0.800862205316586 0.202107334724727 0.839832813909874 0.916337210645168
"3715" 2.62279103690144 -1.3810099576794 0.450878897774971 -3.06292879195391 0.00219182209095932 0.0144903793791199
"3716" 1.83236592912228 -1.17033781096361 0.604521296439991 -1.93597449396025 0.0528708249252789 0.162970028624094
"3743" 83.4453882480226 1.94340956035911 0.407870663299263 4.76476916637955 1.8906997170986e-06 5.39910964351984e-05
"3751" 71.4025138036266 1.45005038416933 0.350576912438516 4.13618333872354 3.53130090499631e-05 0.000538749753454565
"3776" 14.5193671447223 -0.493381695921866 0.189081901830394 -2.60935441808931 0.00907132354530594 0.0424995079484806
"3799" 9.81119473815654 -0.547549931207214 0.56054085580148 -0.97682430377766 0.328656141784008 0.531009788875018
"3812" 1.07142252979958 2.20861519416501 0.791541024055608 2.79027255321368 0.00526636878012214 0.0272477341232406
"3827" 0.704332587540953 -0.982699111327303 0.763255198772615 -1.28751053763875 0.197916399104611 0.379871798281431
"3832" 0.776835551161409 0.887895906492813 0.836259858731714 1.06174641437341 0.288350822206713 0.487411190946007
"3842" 3.65020626458992 -0.74510934533669 0.402316565655149 -1.85204738990383 0.064019018151187 0.183131325961328
"3847" 0.658789286514356 -0.187348883775253 1.08376817475874 -0.172868043312823 0.862755151184321 0.924935702621028
"3850" 7.14196385103314 1.12416319047735 0.411910316639708 2.72914550829431 0.00634986786241912 0.0317493393120956
"3876" 0.664128331917163 -2.40596045762115 1.00291402033425 -2.39896981081118 0.0164412701350579 0.0674659015886859
"3883" 0.459694505978049 -1.15378422551671 1.00045161532969 -1.15326339408877 0.248802290240255 0.442026819971339
"3887" 3.54437546159124 0.0602870689601939 0.412018273452152 0.146321347485563 0.883667714366102 0.937223333418594
"3892" 0.710440087693331 -1.87692444685223 0.792651718115564 -2.36790560590014 0.0178890993875399 0.0719190144296368
"3894" 0.987804575756801 -1.34977490914503 0.612225440355579 -2.20470241870557 0.0274749833024014 0.0984796088248725
"3895" 8.6600978372562 -0.478195545914176 0.376269424907991 -1.27088600417403 0.203769206196048 0.387356797720922
"3901" 1.27531762898266 0.231086616141241 0.718534388379332 0.321608290262156 0.74774946254421 0.863904718861757
"3902" 0.396978856389129 0.460578253386302 0.933668094503949 0.49329976690593 0.621800793059398 0.778470182299624
"3908" 5.06074657421216 2.92210351940385 0.748895286386581 3.90188531363709 9.54463798007338e-05 0.00113581191962873
"3920" 0.405064012904098 0.323912107177407 0.99124521991992 0.326772932336132 0.743839633390457 0.863093444230705
"3921" 3.8358674853489 0.157334606680611 0.384904739595994 0.408762455993017 0.682713994558222 0.817333655457026
"3922" 2.957393611212 -1.61869832022618 0.339834967318713 -4.76318941808038 1.90556810947759e-06 5.39910964351984e-05
"3927" 3.11373009159085 0.453870883859541 0.526451200660857 0.862132868706148 0.38861440595415 0.576703884979291
"3937" 170.344298194936 0.0245795943074061 0.329512022496722 0.0745939226167402 0.940537809702173 0.969878677249208
"3946" 0.603405742875781 0.788218380693374 0.916240423085452 0.860274618793872 0.389637680478766 0.576703884979291
"3949" 94.4511948913525 -0.525234320097273 0.197079287407867 -2.66509143099483 0.00769673936039137 0.0372321944669339
"3951" 3.20792304477181 1.96820657700617 0.578719449843154 3.4009684269979 0.00067147582796531 0.00525694891630736
"4029" 0.615117970785528 0.454944651034756 0.881352234436341 0.51618936590739 0.605722156722581 0.766818474999863
"4050" 39.6179548565675 -0.238926160815527 0.237458684894464 -1.00617992103222 0.314329029071415 0.514844697042417
"4068" 0.848968388834855 0.457431055175342 1.02189772168519 0.447628999916939 0.654420970252069 0.802846344948415
"4071" 4.52244087202756 4.70540625709926 0.846340287587749 5.55970964174549 2.70223831837933e-08 1.46166527221427e-06
"4086" 0.439016562141336 0.264252672665988 0.911419189481212 0.289935383976722 0.771865671206173 0.87645052360243
"4146" 0.552173834113678 -0.621853123618079 0.907763653946527 -0.685038579055854 0.493319576800913 0.682418523945584
"4147" 0.444765468123289 -0.720666120689515 1.08863631623647 -0.661989784780407 0.507977768440295 0.686168620676191
"4152" 27.828933369516 -0.81781770347839 0.343136963534678 -2.38335647391057 0.0171555727735656 0.0694392231310991
"4153" 2.2917880760808 0.555675755720118 0.836242311629214 0.66449131787833 0.506375903929654 0.686168620676191
"4174" 87.4393647235692 1.65902550361049 0.388864009856108 4.26633851825058 1.98707201539003e-05 0.000337802242616305
"4177" 0.492462316865136 -0.863682973282385 1.00396386629214 -0.86027296626935 0.389638591196092 0.576703884979291
"4181" 4.72112389666034 2.5401368874271 0.66755488501639 3.80513564418712 0.000141726500563081 0.00153322305154606
"4184" 4.30103492714991 0.266705019603422 0.360479029276617 0.739862787964742 0.459383255878508 0.646177393020596
"4213" 29.856357936172 -0.387710769639006 0.203993416967179 -1.90060432048837 0.0573538591868537 0.17235124351605
"4215" 0.652809719821194 2.00314403046251 0.959057600166727 2.08865873135698 0.0367384542521478 0.122805507191168
"4220" 8.54111912305484 -0.958983035740402 0.591720978615002 -1.62066762950508 0.105088939517566 0.253240829368463
"4224" 1.699773925846 1.35905200092386 0.680686650354418 1.99658976743004 0.0458697653398196 0.1467339267591
"4231" 9.57983963727836 1.69591873401359 0.50832363837293 3.33629720514667 0.000849023457518159 0.00639454376232031
"4235" 9.95696310572606 0.0751877121880041 0.314195688666819 0.239302176637233 0.81087127772336 0.901810112608222
"4249" 8.73903718084769 -0.391417458671652 0.564738776075165 -0.693094710782805 0.488250116749202 0.678758923985456
"4250" 1.15141422459421 -2.32762600978303 0.961369641657357 -2.42115613903754 0.01547123041162 0.0639262645480133
"4267" 1.38019010453427 1.3916721896193 0.80311735355772 1.73283790152752 0.0831244841538396 0.219818080317931
"4269" 0.593897141070204 -0.241857665022403 0.852206491284433 -0.283801716480567 0.776562339030631 0.880103984234715
"4271" 0.620724490126919 1.8512917048704 1.38771582857186 1.33405677643357 0.18218524997243 0.358941138190715
"4279" 80.3015641673047 0.44219925833809 0.192940008753895 2.29190027093934 0.0219113986327357 0.0830400139266099
"4309" 3.19513474712897 1.22899981176807 0.468876480470156 2.62115901086726 0.00876313780185441 0.0413814840643125
"4312" 0.885090566352813 2.37985978772722 0.859076169145746 2.7702546912618 0.00560124747260843 0.0282435783576442
"4314" 1.07969156227213 1.1484633672521 0.774489639858954 1.48286472555172 0.138110355056141 0.302288520922113
"4327" 5.51346752891653 -0.107045638244903 0.469631022131524 -0.227935620093947 0.819696290674426 0.906541436712423
"4329" 0.799428716305615 -0.190375668045908 0.787104893584387 -0.241868230775391 0.808882267513553 0.901282676349371
"4331" 16.2546996391515 0.0801524155235542 0.241753264275752 0.331546363039507 0.740231826654323 0.863093444230705
"4332" 111.824368390263 -0.354930114253532 0.253178325206068 -1.40189770970578 0.160945794509718 0.331358988696478
"4335" 25.3064764587923 0.692717400084713 0.316266911745002 2.19029362339123 0.0285029490009463 0.100947944378352
"4336" 3.11401149846922 1.05533672886104 0.477571709715546 2.20979741343896 0.0271192253284087 0.0977935701236557
"4342" 0.545698118014408 0.278616612248264 1.03512717613821 0.269161721062826 0.787805235730516 0.886094735840562
"4352" 65.8706139898171 -1.62546536320264 0.43503689363295 -3.7363850905346 0.000186684700662575 0.0018512899482372
"4353" 4.09047341497643 0.144305197651656 0.411911202386005 0.350330840277625 0.72609042278685 0.852117951791274
"4360" 46.9869783413821 -1.39454647036693 0.501046952378486 -2.78326504880824 0.00538148235257485 0.0276032931015693
"4361" 1.35304773481207 -1.24625579721772 0.590610517624723 -2.11011446634887 0.0348484975257359 0.11714607925318
"4409" 1.39218512678825 0.48457898357656 0.714433471251964 0.678270270186795 0.497600345115135 0.682418523945584
"4421" 11.2082315478125 -0.453766457436486 0.273272575097499 -1.66049028986751 0.0968158597097618 0.238038993914497
"4426" 19.6098844759683 1.967344835155 0.764904121908927 2.57201494776262 0.0101108526197441 0.0466353279747889
"4428" 1.75842729545712 -1.10774206771578 0.50711137574634 -2.18441573330014 0.0289317131503324 0.101860173517443
"4443" 1.53692664501366 -0.639889583640247 0.489209530952717 -1.30800718946355 0.190870870772547 0.368727818537875
"4452" 24.6102568473044 0.846602577586869 0.551452344562233 1.53522346207257 0.124728947085775 0.287650091147427
"4453" 3.54424494752555 2.06498860238711 0.902182912151211 2.28888019776749 0.0220863141129927 0.0831731449191813
"4454" 2.82214560014687 0.677914153183197 0.588832784812863 1.15128466122796 0.24961514539558 0.442026819971339
"4465" 0.658951535710531 -1.17597288905736 0.938156052822528 -1.25349389956963 0.210026017820345 0.395460381655396
"4484" 4.36313068772799 -1.0300542305204 0.319529589233196 -3.22365835662455 0.0012656429839407 0.00941321969305894
"4487" 2.16288548722421 -2.42907719592595 0.660432383736977 -3.67801043035066 0.000235060349703326 0.00229280177169637
"4489" 25.6485878746334 0.668080700982358 0.36479333408327 1.83139503538696 0.0670416017897964 0.188192028147066
"4490" 0.376566023743356 -0.0735880453215507 1.02673539104231 -0.0716718698542633 0.942863043177225 0.970594309153026
"4539" 2.45128892281941 1.19976378283351 0.579025949501685 2.07203802155332 0.0382618955136274 0.127183395701722
"4545" 0.365304839114728 0.900211453696582 1.97936078505701 0.454799074778403 0.649253795946476 0.800136547944541
"4555" 4.72848160088823 3.92377448974015 1.333879560441 2.94162577050278 0.00326494228795686 0.0190454966797484
"4558" 4.27789905828386 2.52021383120138 0.702620704879909 3.58687669420748 0.000334662477474881 0.00316070117615166
"4583" 0.821810834569866 -0.544260859357389 0.982546644694797 -0.553928775082682 0.579627591244837 0.746986837444345
"460" 1.22917773569784 -2.70059151040888 0.894718252153353 -3.01837087139919 0.00254137680766224 0.0155626566240616
"4601" 2.41355218637601 3.78921516244188 0.811943239486278 4.66684735849189 3.0585637280329e-06 7.27938167271829e-05
"4605" 0.647228152082709 -0.181112405416983 0.851454480430474 -0.212709439646636 0.831553603483478 0.912893442631103
"4608" 0.511413402076187 -1.33492132203126 0.723665853886473 -1.84466534500974 0.0650862350061312 0.185293348462431
"4611" 1.17116546741624 -0.438350608178101 0.643961738693036 -0.680709088505418 0.49605558438963 0.682418523945584
"4615" 18.3602630348864 1.09032391899828 0.968100918053777 1.12625026860858 0.260059601398159 0.45376968572406
"4618" 0.514181023529815 0.863914246524054 0.955004100161614 0.904618363814202 0.365667603221587 0.557432364938596
"4619" 1.19137110095378 -0.257063299435066 0.724396686782074 -0.354865371592182 0.722690451744279 0.8498039896993
"4632" 4.18506061206568 0.317503362160753 0.343748045802735 0.9236513953681 0.355667845648958 0.550586825157335
"4633" 0.528263854370851 0.625121294280937 1.01772565503837 0.614233601350425 0.539060972234284 0.717542010021026
"4656" 3.24966132975744 0.842424247907446 0.587401026125555 1.43415522009555 0.151527972650218 0.323151052784515
"4657" 16.4782097508338 1.54598005995279 0.445498510343992 3.47022498180534 0.000520022582412459 0.0044201919505059
"4658" 16.0315791164702 0.619202371346252 0.36225199594711 1.70931389826395 0.0873928202367958 0.225102718791747
"4659" 2.76524935303579 3.1231627796184 1.07461370407999 2.90631207080338 0.00365716507377636 0.0206192763517598
"466" 86.3127240012153 2.95511738984539 0.540224032217592 5.47017017683346 4.49603664751635e-08 1.91081557519445e-06
"4663" 0.712518225664964 -0.59012234035119 0.894763494591648 -0.659528851945965 0.509556225058703 0.686168620676191
"468" 34.0250090089541 1.46134476469639 0.372318535708543 3.92498526004183 8.67350487606282e-05 0.00107515320859529
"4680" 0.596409093717997 -1.50798702354081 0.687134106794266 -2.19460365688457 0.0281920410072443 0.100444697001858
"4681" 0.397652326474832 -1.44533725232052 1.03908609206171 -1.39096968322688 0.164234620193695 0.334656161011124
"4684" 1.5472578044027 -1.60647321630605 0.535296955725229 -3.00108789920088 0.00269016897496714 0.0161681872737924
"470" 0.59573420063975 0.453074047388306 0.917450413951937 0.493840365101237 0.621418923444288 0.778470182299624
"4711" 6.33262717554169 3.61579656454336 0.852653136809141 4.24064183716564 2.22881541018346e-05 0.000368373658071989
"4713" 1.3208670035518 -1.4350060828638 0.724906203434149 -1.97957484163558 0.0477513222608359 0.151127855027645
"4715" 3.18715733375447 -0.950837867105508 0.385174907226979 -2.46858725546519 0.0135647576994344 0.057241353412507
"4719" 3.2123597005216 -0.249653092283037 0.647978536845003 -0.38527987901975 0.700030067291182 0.82952973910808
"4720" 0.911988790471279 0.612293939094522 0.831992216402681 0.735937100159329 0.461768977783499 0.64657668468331
"4736" 696.384660509986 3.02552737879942 0.521512986383487 5.80144206912356 6.57470117450415e-09 4.34660799869997e-07
"4744" 3.42681823542775 0.361457502262543 0.462042234283567 0.782304030762494 0.43403591857717 0.626127945989592
"4745" 72.0489806542133 2.04968980070147 0.354803364446067 5.77697396951554 7.60560468419482e-09 4.52533478709592e-07
"4752" 0.968837505718679 0.00908307182104621 0.628162783032069 0.0144597420706831 0.988463197077099 0.992677032253555
"4755" 0.547634354510677 0.896472064749474 1.02816795051249 0.871912088197876 0.383256338592122 0.571522610181235
"4757" 3.49412130606989 -0.19564335673454 0.388753236842062 -0.50325846370772 0.614782565354405 0.773352275657232
"4765" 94.0369385693296 -0.457532223121861 0.0975526487594179 -4.69010558852396 2.73064101600832e-06 7.06404958489109e-05
"4766" 5.11982873961386 -0.878913876616692 0.426413831920364 -2.06117581284473 0.0392862701608515 0.129862948587259
"4767" 17.0640504519701 -0.730820718390749 0.240322967005733 -3.04099407350157 0.0023579847202992 0.0149255415806172
"4768" 0.700127942988503 -0.660833242991041 0.817582314907634 -0.808277320756013 0.418930955213077 0.609447233133939
"4769" 1.69115825592878 -0.116260352058881 0.622815249532203 -0.18666908388355 0.851920097470401 0.918290347161102
"4770" 5.26852711527648 -0.258748437655001 0.384048305267373 -0.673739303379717 0.500477069518439 0.682418523945584
"4771" 3.76399891995285 -0.840702617251154 0.580787747800146 -1.4475212682008 0.147750984138297 0.318521143341618
"4776" 1.0298365018132 -0.219368095049053 0.693137473566602 -0.316485694995358 0.751633881346537 0.865033190331121
"4779" 1.57638404169236 2.3290049245256 0.761329392154053 3.05912913454724 0.0022198144256293 0.0145141712444992
"4783" 0.362402942067888 1.02518856958744 1.51249929948687 0.677810938448198 0.497891574669586 0.682418523945584
"4784" 68.5790460895309 1.35511787444111 0.428688522212041 3.16107804204478 0.00157186377632423 0.0111340350822966
"4790" 5.67740951688537 -1.07886174205025 0.266423804931562 -4.04941946658025 5.13448426665152e-05 0.000745126375282354
"4801" 0.407497307519858 -1.38670534361386 1.01499105332868 -1.366224203717 0.171868602849562 0.347829315290781
"4803" 1.63531546612336 -1.01408323303536 0.576062298600493 -1.76037077152769 0.0783449617615872 0.20997861373038
"4804" 0.571891916650014 0.875538199079484 0.976893742456716 0.896247115758629 0.370120796900274 0.557432364938596
"4806" 1.08386473398737 0.261879978690118 0.798503354427437 0.327963529818729 0.742939237845132 0.863093444230705
"4809" 0.416291857624654 0.201367118574028 0.994286332526559 0.202524274936314 0.83950688293286 0.916337210645168
"4818" 0.684259388786374 0.970074394778965 0.893087129766446 1.08620353204805 0.277388954983938 0.471415844512362
"4830" 165.389677951334 2.8344270945289 0.4052266390701 6.99467118211489 2.6588176716807e-12 5.27332171550006e-10
"4842" 1.05424740677196 -1.2126894202502 0.672942975713798 -1.80206862099109 0.0715346099119685 0.193468604080097
"4843" 3.32018851268643 0.457580123652063 0.483822578300606 0.945760169480477 0.344270925313392 0.546243201497249
"4862" 2.0339109837039 1.13385881377196 0.650130921252345 1.74404689379766 0.0811509131661434 0.216523736923118
"4864" 0.625409351790672 -0.0363627307827485 1.18079011614436 -0.0307952533524619 0.975432825902302 0.990243168246695
"4896" 13.7205858023962 2.41977092394192 0.463982128455796 5.21522441391286 1.83594827124898e-07 6.42581894937143e-06
"4905" 0.836689665940364 -0.76467436832122 0.688319622527416 -1.11092920104971 0.266598825064914 0.459786379459779
"4906" 1.64018329270871 -1.56807945339511 0.682174639584118 -2.29864812088453 0.0215249286755733 0.0826279520126846
"493" 7.71529587088797 -0.192266018478042 0.261295047606952 -0.73581960407935 0.461840489059508 0.64657668468331
"496" 1.50207974176883 1.4960789667946 0.699203073819875 2.13969163296329 0.0323796956837321 0.111363693247518
"501" 1.94223079335086 -0.081424744638047 0.491462330417741 -0.165678505957591 0.868409962022628 0.929323610437884
"5046" 3.75279455798806 -1.2890678338417 0.405286595465681 -3.18063278742426 0.00146953774132639 0.0105346380251711
"5053" 1.4579335612957 1.4544380763969 0.950031903951736 1.53093603525002 0.125785202122781 0.28896600487666
"5094" 0.465658281085094 -2.4298925020699 0.900805814933844 -2.69746538242357 0.00698695488844144 0.0341587434473027
"5096" 0.907797334912688 -2.98168152098934 0.7614419998491 -3.91583537758652 9.00917091591845e-05 0.00109397075407581
"5103" 1.01067360561133 0.799914853339408 0.820010083241266 0.9754939234132 0.329315314445179 0.531009788875018
"5108" 4.01570331293702 -0.219452420685387 0.488664460173639 -0.449086108303044 0.653369541197841 0.802846344948415
"5115" 40.3248976170492 -0.367510272639541 0.475361975683027 -0.773116680423337 0.439453330160641 0.628162614748026
"513" 0.409030741634999 0.481334938819347 1.16044282533267 0.414785570052847 0.678298883959405 0.817159286715707
"5173" 1.47084015453094 0.69235854538452 0.716855373144529 0.965827377909505 0.334130566443623 0.537318073064745
"5186" 0.586189350206756 -1.73974219198846 1.07358960223159 -1.62049091046727 0.105126865300858 0.253240829368463
"5200" 1.21452026911822 -1.34349310475004 0.712613430633092 -1.88530421543763 0.0593887773593004 0.176162573035352
"5201" 2.78999402782166 0.116421533860206 0.842407290960119 0.138201004561008 0.890081561191742 0.940672342644913
"5202" 2.0614059046038 0.233196295283513 0.628473253420476 0.371052059915579 0.710598756785512 0.838901310094007
"5208" 13.7310875834375 -2.04673043552549 0.516164244417216 -3.96526969402227 7.33130081365035e-05 0.000954111859168561
"525" 0.702665844200077 0.101580843184713 1.08112040287909 0.0939588624118058 0.925141835154696 0.96072695194523
"5287" 1.84400258256108 0.265000767735028 0.510388539311991 0.519213789738014 0.603611663846733 0.766818474999863
"5292" 0.729442451135624 0.235683008896471 0.810162145765989 0.290908443609937 0.771121343401465 0.87645052360243
"530" 3.33375218568107 0.315600709752527 0.485016409518351 0.650701097032854 0.515239454896403 0.692025904431963
"5302" 53.3629320457057 1.60148993704444 0.398046456186835 4.02337443821565 5.73701761478734e-05 0.000812744162094874
"5332" 0.49769026675933 -0.632481875240102 0.938708207833858 -0.67377899752214 0.500451829353267 0.682418523945584
"5344" 0.417175097726279 1.01027902456323 0.995963828592717 1.01437320870452 0.310404703220015 0.513606943620904
"5345" 2.65962977201095 0.613714584020394 0.563701800363794 1.08872205769846 0.276276471708713 0.471415844512362
"5356" 9.71781927601489 0.562509253831077 0.325237887418988 1.7295317538034 0.0837139684404257 0.219871421237925
"536" 5.97428127216939 -0.245981120072772 0.479012231599001 -0.513517409047484 0.607589436175844 0.767549287738062
"5361" 88.526548040972 -0.455128949808975 0.162356522375843 -2.80326865313969 0.0050587510946678 0.0267276669192835
"5363" 5.62885870355123 -0.880064191019813 0.468500793729733 -1.87846894348593 0.0603170417373717 0.176162573035352
"5371" 0.476285098641615 -2.35036454561763 1.29696669254135 -1.81220116070383 0.0699551197988347 0.191180285664607
"5387" 0.937889648631901 1.4597195934657 1.31172795223466 1.11282190104962 0.265784927332617 0.459715208613103
"5410" 18.0491386957312 -0.653327138294109 0.261185519734139 -2.50139111448113 0.0123706476256219 0.0549293681883957
"5427" 0.653179091081017 -0.444813826007766 0.850957849291304 -0.522721338522486 0.601168186629303 0.765942336283587
"5429" 15.3939363290583 -0.480722171562302 0.28363781734489 -1.69484512348283 0.090104804935787 0.228137697603376
"5440" 26.3706670899857 0.608293062987295 0.354869626969669 1.71413109705015 0.0865046517766538 0.223783773074387
"5463" 21.101787909137 -1.13107702003705 0.277286637113593 -4.07908953641244 4.52124223774854e-05 0.000672534782865096
"5469" 4.03383742805635 0.390768923302183 0.327492218593978 1.19321590289953 0.232784828033359 0.423568723791586
"5480" 6.95035704518251 0.516237046800576 0.434694625327239 1.18758552952421 0.23499674163616 0.426156472106456
"549" 0.939027009509798 1.11840537991796 1.19325602398838 0.93727193279089 0.348618696554013 0.54751402576942
"550" 3.34392884736691 0.93437551381233 0.515769695123008 1.81161383200207 0.0700458861762762 0.191180285664607
"5508" 1.17801186489751 -0.862121658815486 0.581711653851317 -1.48204295565968 0.138328865629817 0.302288520922113
"552" 3.53801985676505 0.126008333340774 0.500650434546195 0.251689251912848 0.801281265350864 0.896169836247677
"555" 0.623145056983164 1.59456519284501 1.02095176220795 1.56184185371945 0.118325249239963 0.278274795643392
"557" 3.07755151955735 0.388543733118776 0.504599534082511 0.770004145614694 0.441297433554075 0.628162614748026
"558" 310.083951250164 0.279177077745933 0.266893721027937 1.04602340089039 0.295550228432853 0.496758152309457
"559" 15.3198752438183 -0.347670061575112 0.345988233320539 -1.00486094061186 0.314963814661243 0.514844697042417
"560" 0.456718221364956 -1.9830121721756 2.0689821991866 -0.958448155308054 0.337836822553647 0.54181377202
"5645" 0.724828652606242 1.79829216765859 1.20178517474051 1.49635076672241 0.134562272158358 0.2998672357087
"565" 46.298616792126 1.21823569565764 0.34270656895331 3.55474859842447 0.000378340657355195 0.00335989091233345
"566" 4.66925108284334 1.73800737490509 0.862598016608854 2.01485204167029 0.0439201542821697 0.14202441194506
"5675" 0.744556286524618 -2.10153621933265 0.821842223719663 -2.55710422107674 0.0105547589283297 0.048308319710432
"570" 60.5398881756425 -0.715726329192233 0.20044947430918 -3.57060716501692 0.000356154702217111 0.00326018535106432
"572" 7.03546387805535 -1.21395951349966 0.340438181032861 -3.56587357451095 0.000362646173586623 0.00326931020127334
"574" 1.99857270309559 1.28732273413199 1.0641411686887 1.20972928405571 0.226382789108117 0.418260435005848
"5814" 2.66344137731335 0.587903467761857 0.500865378847712 1.17377541469204 0.240484993990144 0.432291756568385
"5815" 2.30724983764006 -1.73179552621015 0.618019421888195 -2.80217006921742 0.00507601069223367 0.0267276669192835
"5818" 0.442420111893009 1.40620901577269 1.23167738924765 1.14170238736919 0.25357774814108 0.446386864331192
"5835" 0.554231366988888 -2.23929498516682 1.14647964171144 -1.9531921053775 0.0507968361926602 0.159074302813857
"5840" 0.583870206084581 -0.480553543457099 0.855867384813129 -0.561481313558904 0.57446946552753 0.745040008939273
"5843" 47.7449311080351 -1.14415152364761 0.27565671725163 -4.15063900874647 3.31548332178665e-05 0.000519134888542909
"5856" 0.543724448715699 1.08882023466241 1.18764009178299 0.916793094301643 0.359251072001276 0.553767844147045
"5858" 0.42046096593456 0.869753462684122 1.04312970794399 0.833792246602205 0.404398065205363 0.594115676042447
"5860" 5.3689570899943 -0.454834430574366 0.368670041419132 -1.23371681849591 0.21730844460013 0.405324528329396
"5870" 0.723389720318492 0.0296908157720568 1.02667918839514 0.0289192730384144 0.976928974387916 0.990243168246695
"5875" 0.503795408996166 0.366712944318539 1.01010557294081 0.363044174928066 0.716571885451974 0.844277766027573
"5882" 7.82808182688464 0.749853305459996 0.534114509693059 1.40391862016802 0.160343084260885 0.331358988696478
"5917" 0.677768160474188 1.33396480510081 0.831048574171994 1.60515864723057 0.108458895419865 0.259168846485219
"5918" 5.14717581280575 -0.945325918619431 0.405735761584426 -2.32990534264929 0.0198111545922746 0.0775502433052853
"5924" 0.520935345617818 -0.774919517951167 1.090928837575 -0.710330033692862 0.477499499478635 0.665368155011213
"5944" 0.393642073125192 0.693138046802128 1.42698204961866 0.485737046928769 0.627153613519364 0.779032150405056
"5952" 8.3207156161247 2.93239237670334 0.647217915656094 4.53076514998929 5.87704422047617e-06 0.000124887189685119
"5961" 3.67331233840385 -1.57433363662696 0.459322608706916 -3.42751174617558 0.000609139950349899 0.0049093227431855
"5972" 1.95888816589496 -0.543462801346221 0.574618021992225 -0.945780989364052 0.344260303857202 0.546243201497249
"6007" 6.8539702171007 -0.518483918135864 0.529357046471256 -0.979459745727627 0.327352869015041 0.530721953852724
"6022" 4.03886713264419 -0.904462957765475 0.49181765264692 -1.8390209316354 0.0659121074223077 0.186750971029872
"6032" 3.3770733159337 -0.505432043757272 0.356662297570444 -1.41711654750232 0.156448855317212 0.328452279033032
"6035" 0.378424920991277 0.52998988879187 1.33838747708146 0.395991368618889 0.692111395722089 0.826920241876793
"6056" 1.23855559503528 1.12472429148868 0.87232621122832 1.28933909930891 0.197280223618342 0.379871798281431
"606" 13.6863554217689 2.34140395317245 0.504081901253823 4.64488795838253 3.40261066184502e-06 7.78674362999148e-05
"6061" 3.27387965941385 0.256026631096495 0.441128960344176 0.580389532568298 0.561651962336626 0.73934273803162
"6062" 1.42222773175966 -0.0809828820708692 0.533646582380186 -0.151753772524256 0.87938114392492 0.935060271686781
"6068" 14.9755722702379 1.81203573018757 0.457801366327666 3.95812652269506 7.55399428203142e-05 0.000956303531448659
"607" 2.75444265082881 -0.243983590881316 0.55985496517372 -0.435797851333889 0.662983402935536 0.806697596618904
"6072" 21.159201725181 -0.267708572516398 0.236579077354197 -1.13158177599786 0.257810305371674 0.45116803440043
"6075" 2.23404910313561 -0.0459994969697135 0.758354446040687 -0.060656988575558 0.951632386714651 0.976243569129685
"6080" 11.6929219628813 1.2052983448334 0.317201651994941 3.79978583734686 0.000144821187002761 0.00153872511190434
"6083" 1.92637590187103 2.2422174759604 0.827019792343456 2.71120171091289 0.00670398297891762 0.0332405822704665
"6084" 1.93120409497162 1.34849173541879 0.687455798735404 1.96156863888468 0.0498127264581344 0.156817842553386
"6085" 0.750314618188575 1.77117142465983 1.14043953231741 1.55306035477458 0.120408716322798 0.280953671419863
"6087" 1.00012460256933 0.419390054216027 1.0686471399078 0.392449517295494 0.694726104931181 0.828380826521148
"6091" 2.37734700150405 1.91112079356318 0.708700496696377 2.69665507851611 0.00700397764801838 0.0341587434473027
"6092" 0.546595426608213 -1.27637819610668 0.915695990748085 -1.39388859294222 0.163351249460627 0.333999977419495
"6094" 14.7228322672675 0.0549016600764674 0.283739050530454 0.193493493313056 0.846572501355253 0.918290347161102
"6095" 115.14986652237 -0.622035982308792 0.319421781241194 -1.94738123333892 0.0514890462611774 0.159562408986461
"6104" 1.75995200234895 0.455066025702327 0.575281736171973 0.791031588679345 0.428925558267925 0.622465139437599
"6107" 0.424131044610569 -2.48282767290778 1.74040169380447 -1.42658311684378 0.153700093491256 0.32661269866892
"611" 2.53598513622271 1.3822231077552 0.739318409059486 1.86959108662474 0.0615406239930553 0.17861790866277
"6114" 0.47352869307952 0.74681213243911 1.35478643521686 0.551239747480619 0.581469336070664 0.747244611149126
"6119" 14.9156666072973 0.584573059927273 0.306659686117015 1.90625989131226 0.0566164952511858 0.170999059261196
"6122" 0.65020384586136 -2.22148577198493 0.763848784171011 -2.90827951555341 0.00363423346319658 0.0206192763517598
"6123" 4.27546972102926 0.572255197994324 0.463019658761334 1.23591987330563 0.216488349092767 0.405064678333951
"6126" 0.820420346201674 0.677024979193787 0.816275255830365 0.829407695943296 0.406873748143207 0.596280492968493
"6127" 2.31343981616683 -0.113300344253 0.445614566057947 -0.254256375089557 0.799297500153838 0.895990385886171
"6164" 1.07902034917263 -1.60939454893746 0.944703769602327 -1.70359704356312 0.088456394189785 0.225886500184215
"6165" 6.16015371386504 -1.16019673163589 0.962342471130293 -1.20559651729099 0.227973102715733 0.418260435005848
"6169" 0.398891984103929 -0.305282635962598 0.975178548138478 -0.313053067610391 0.754240344771112 0.866357152777629
"6171" 1.73279593786878 1.73211213464893 0.853654615308832 2.02905496390047 0.0424526923159171 0.138787647955883
"6184" 0.455109517805131 -1.49886430136615 0.826876051917224 -1.81268316804052 0.069880702032723 0.191180285664607
"6217" 12.0052874893976 -2.43689093127383 0.827103424790106 -2.94629529782475 0.0032160520898241 0.0189460494400529
"6218" 0.535334574168085 -1.42119267382967 0.83261953394518 -1.70689326383645 0.0878418930933649 0.225284165476518
"624" 111.566087075564 -0.309324399001852 0.941948635695005 -0.328387756274652 0.742618499257972 0.863093444230705
"6244" 2.05105784470121 -0.222089931317096 0.679252422742223 -0.32696229543134 0.74369640310279 0.863093444230705
"6253" 3.9596271398288 3.02936970149886 1.01879616855769 2.97347967630027 0.00294443905315618 0.0175194123662793
"6255" 39.552569083756 0.299149320803169 0.517864324618438 0.577659642848698 0.563493930984504 0.740129997650729
"626" 2.99969549386339 1.459371497165 0.5860079784718 2.4903611397421 0.0127613351839143 0.055527870152442
"6262" 6.61593132796583 0.923160029661743 0.639162439241984 1.44432772169242 0.148646811416606 0.319295497447221
"627" 0.96416612546987 -0.20266208406968 0.666930296103908 -0.303872961317842 0.761224678049465 0.869344881841519
"6277" 26.6259775509322 -0.153032651353188 0.602857540945343 -0.253845462583444 0.799614949421104 0.895990385886171
"6283" 3.17929242668755 1.82523890513558 0.725971302298531 2.51420255780994 0.0119301890538354 0.0537762309623643
"6285" 1.10368654326786 -0.78433714307509 0.860337501072173 -0.911662158278153 0.361946590272148 0.556481191762087
"646" 1.02199271443285 1.36869802394153 0.806048970599063 1.69803333775652 0.0895014698975848 0.227578523884884
"679" 0.554424658229448 1.0299769667341 0.949631455558163 1.08460704487586 0.278095733485444 0.471415844512362
"686" 0.458812077864644 0.0127487226871063 1.38903604999427 0.00917810785915808 0.992677032253555 0.992677032253555
"695" 0.38368152679029 0.581764101191854 1.040274580524 0.55924090820215 0.575997317835405 0.745040008939273
"713" 0.575916015197349 0.276535274051351 0.937428246522481 0.294993536921035 0.767998816929563 0.87540095033159
"747" 2.73713378831227 0.232493494315809 0.56184453147031 0.41380396407417 0.679017680628714 0.817159286715707
"748" 0.410408887398309 -0.452203756801921 1.10263739922861 -0.41011102754022 0.681724503666985 0.817333655457026
"777" 0.693103580020313 0.811964713889467 1.4318752383853 0.567063869897703 0.570670788786257 0.744625261683822
"786" 4.34370563788568 0.829038781516605 0.453194760291927 1.8293211973205 0.0673515049800854 0.188192028147066
"787" 1.88009525189302 1.96647030853166 0.763590445914874 2.57529454310496 0.0100154756524978 0.0465563126034079
"814" 24.5434032205978 1.28097585383948 0.332795415281114 3.84913912578224 0.000118533672854325 0.0013307082141193
"817" 1.24110786358828 2.1435187505956 0.767981136335865 2.79110859522228 0.00525278453375638 0.0272477341232406
"838" 59.9377834187891 -1.16540103536651 0.382676121057006 -3.04539784752575 0.00232372700920956 0.0148668555965558
"844" 0.426261942374507 -0.100428829774116 1.00978778835059 -0.0994553815491848 0.920776712561669 0.959478360725381
"857" 6.94262739580008 1.27989348136751 0.419595316686915 3.05030449689817 0.00228609461763083 0.014785068450982
"864" 0.408788766750679 -1.92882387682587 0.895940202836302 -2.15284889629882 0.0313305558868562 0.10838186484116
"869" 6.38915540911545 -0.88866513092874 0.284869267874578 -3.11955423468144 0.00181124913622145 0.0125313166982763
"876" 10.0078445850115 1.95907454498585 0.675173646751956 2.90158621328058 0.00371278600349389 0.020645866094195
"877" 0.736568503744637 0.206924958659544 1.15117783390192 0.179750645439524 0.857348331620335 0.922463394781374
"882" 23.4610573617781 0.65856490831966 0.303244122216564 2.17173181628675 0.0298758972362317 0.10395414535414
"906" 2.73528119533453 -0.130632827267803 0.482465333619764 -0.270761064401688 0.78657480769703 0.886094735840562
"909" 52.4756319080149 1.11016375917266 0.293975398124841 3.77638321524174 0.000159122114867971 0.00163237341976625
"911" 4.80849612800884 -0.722798737321614 0.374628309624076 -1.92937564714987 0.0536842447232311 0.162970028624094
"912" 8.72035044180857 -0.302657638562409 0.39238422992595 -0.771329771891002 0.440511489882592 0.628162614748026
"915" 1.13119402876347 0.0739594930226678 0.66070663541679 0.111939988276359 0.910870989780358 0.955852273226301
"921" 3.14264441021055 1.50664429401499 0.63878768513764 2.35859946750593 0.0183440429714148 0.072764703786612
"923" 0.759312138213458 2.16483774748398 1.54681993526417 1.39954088910437 0.161650845677842 0.331662941994193
"925" 3.42211306981096 -0.333925830551776 0.496473715161822 -0.672595185513366 0.501204865486084 0.682418523945584
"930" 2.38275638120337 0.324379770622046 0.51286238154681 0.632488913777817 0.527067450383672 0.70477230352936
"936" 4.93187053669904 0.771805355521523 0.414640117317328 1.86138611120171 0.0626896705032041 0.18019494661549
"937" 2.32109142238946 3.4707446506258 1.01498344018473 3.41950864734709 0.000627343385532972 0.00497692419189491
"938" 1.59353097541388 -0.495503420436668 0.551995563728787 -0.897658338211074 0.369367726942258 0.557432364938596
"940" 0.682904572948148 1.17042312759008 1.16197035723897 1.00727451461946 0.313802873347172 0.514844697042417
"942" 104.006261875662 3.5239859428183 0.480824380311979 7.32905003804465 2.31789837642897e-13 6.89574766987619e-11
"943" 5.65984530701837 5.04641187679915 0.783453306776047 6.44124140284175 1.18500217109436e-10 1.17512715300191e-08
"944" 87.0084653173204 3.34938529675196 0.69227209642605 4.83824974896955 1.30987484649784e-06 4.10197649298006e-05
"947" 31.1989747049013 -1.12429542654779 0.174366687390819 -6.44787971470626 1.13425726223463e-10 1.17512715300191e-08
"948" 0.456382420828802 -0.404457326418857 0.948709341225541 -0.426323752537716 0.669871952346575 0.813415942135127
"950" 0.398263401991497 0.974598109675663 1.07648346894263 0.905353531004949 0.365278125446129 0.557432364938596
"962" 0.81310220701116 0.155017503364169 1.3165790798485 0.117742645114798 0.906271575858168 0.954392190505504
"985" 0.789049709892502 0.781652608596338 0.879878994976764 0.888363755765052 0.374345114920333 0.561046204981355
"992" 0.997315860213954 0.540017062645751 0.792384964155648 0.68150846756814 0.495549810705831 0.682418523945584
"ERV3-1" 1178.20674540884 0.0857301320384697 0.175157036135104 0.4894472636106 0.624525081731011 0.778470182299624
"ERVFRD-1" 1.76342983371057 -1.13322153594087 0.80817902763052 -1.40219121902152 0.16085815309213 0.331358988696478
"ERVH13q33.3" 10.0330554328263 1.22938176888961 0.546128407287396 2.25108555512781 0.0243801191281639 0.0906635680078596
"ERVK3-1" 466.508948888373 -0.62765195126911 0.0926857209735675 -6.771830058355 1.27163460731496e-11 1.89155647838101e-09
"ERVW-13" 0.413182086770634 -0.787379487716632 1.00773822296985 -0.78133335599417 0.43460645662807 0.626127945989592
"ERVW-17" 0.922766571761499 2.14109996578624 0.928625791273547 2.30566497926992 0.0211293593920136 0.0816361612873252
"ERVW-2-2013" 19.8910014889907 -0.412340629578446 0.226509055509148 -1.82041565027758 0.0686957308837958 0.190999812504012
"ERVW-22" 5.49065887176044 -0.156778678856885 0.345004147844963 -0.454425489769294 0.649522609507922 0.800136547944541
"ERVW-8" 7.95844095957243 0.177247545143333 0.421949907547318 0.420067742575475 0.674435966732202 0.817159286715707
"HERV-H19a" 0.507070552556359 1.30803099180559 1.24950206945527 1.04684179704947 0.295172549451417 0.496758152309457
"HERVK-27" 0.589161032661638 1.7258641088341 1.06906758073142 1.61436389985123 0.106448517257032 0.255390595838444
"HERVK-29" 15.8543204387626 -0.210947538593013 0.19252204933074 -1.09570586499741 0.273207515222273 0.468468217744243
"K-10" 83.0710340039286 -0.58649088453965 0.24497466216711 -2.39408794097887 0.0166617533609496 0.0679023510257876
"K-12" 2.88781117227138 0.0616140044547596 0.429312075054852 0.143517986180303 0.885881107372604 0.937899037164945
"K-15" 0.883752590407128 -0.825778695067484 0.652819051101562 -1.26494270299568 0.20589186800322 0.390145418668522
"K-19" 0.593251917485667 0.276326238530886 0.872141330371091 0.316836536588985 0.751367639169917 0.865033190331121
"K-20" 0.3667332681705 -0.937662368667139 0.926135751408103 -1.01244592624948 0.31132488884049 0.513606943620904
"K-21" 24.9270773449991 1.60717817748892 0.376665516385211 4.26685774931752 1.98245477038127e-05 0.000337802242616305
"K-22" 4.43321857103949 -1.15565251094798 0.503770664426054 -2.29400517448672 0.0217902015185022 0.0830400139266099
"K-36" 3.08943187251298 -1.98260174171878 0.59176999378767 -3.35029109710174 0.000807266753077485 0.00623797036468965
"K-42" 1.47344768753614 0.00882951841538636 0.63477464471163 0.0139096898229095 0.988902031117422 0.992677032253555
"K-46" 3.53936675021304 0.671022881410257 0.410876635582107 1.63314927961185 0.102437604344882 0.248777039123285
"K-68" 1.134273976399 1.04701300601562 0.894262448196631 1.17081177693084 0.241674442941845 0.433121366115656
"K-7" 5.10634330787368 -1.17084122925223 0.33688230962603 -3.47552007272799 0.000509863834443969 0.00439665190571249
"K-78" 1.86180066538741 1.5219833531167 0.682287465278883 2.23070689492234 0.0257005506228256 0.0938148933777989
"K-8" 0.480640093107223 1.08980253956843 1.2884055107484 0.845853677647959 0.397634376539108 0.586942239823011
"W-11" 1.48963731026121 0.449041175420053 0.782819587491 0.573620260140994 0.566224798694194 0.740447813677023
"W-129" 1.10515612541645 -2.5330366289543 0.668388208562193 -3.78976857536619 0.00015078770038085 0.00157401196011589
"W-134" 9.90782409499523 -0.435263103960932 0.282140696629221 -1.54271648564382 0.122899580176908 0.285645508614298
"W-141" 3.20274014078949 -1.09046476696908 0.38174513732007 -2.85652562498732 0.00428305429950181 0.02337997530462
"W-149" 4.43745174519058 1.32162473517611 0.528278982508306 2.50175528259887 0.0123579312565668 0.0549293681883957
"W-17" 20.3829322733213 1.18827896341591 0.392248865770356 3.02940063595133 0.00245039494563691 0.0152134811817327
"W-4" 6.56859199982089 0.0689273467260583 0.368464723859002 0.187066338411365 0.85160862029152 0.918290347161102
"W-73" 2.54956977667683 -0.69848346533344 0.370678105583765 -1.8843396866762 0.0595190424462515 0.176162573035352
"W-8" 37.4758535230124 1.80656029581463 0.327941724316096 5.50878452439108 3.61319860338668e-08 1.65373320693467e-06
"W-97" 1.64922560725374 -0.187745238846132 1.07358038281305 -0.174877672740435 0.861175754483039 0.924908978190268
